##TITLE=Parameter List
##JCAMPDX=4.24
##DATATYPE=Parameter Values
##ORIGIN=Bruker BioSpin MRI GmbH
##OWNER=mri
$$ Sat May 26 14:19:35 2018 CEST (UT+2h)  mri
$$ /BiospecData/data/mri/nmr/luc180526.Nz2/5/pdata/1/roi
##$ROI_version=( 20 )
<Version 2.0>
##$ROI_n=1
##$ROI_par=( 1 )
(RoiTrack, <Roi_1>, 232, 0, 0, -1)
##$ROI_dpar=( 232 )
0.554 0.524 0.555 0.524 0.556 0.524 0.557 0.524 0.558 0.524 0.56 0.524 0.561 
0.524 0.563 0.524 0.564 0.524 0.565 0.524 0.566 0.524 0.566 0.523 0.567 0.523 
0.568 0.523 0.569 0.523 0.57 0.523 0.571 0.522 0.573 0.522 0.574 0.522 0.574 
0.521 0.575 0.521 0.575 0.519 0.576 0.518 0.576 0.517 0.576 0.516 0.577 0.516 
0.577 0.514 0.578 0.513 0.578 0.512 0.578 0.511 0.578 0.51 0.578 0.509 0.578 
0.508 0.578 0.506 0.578 0.505 0.578 0.504 0.577 0.504 0.577 0.502 0.577 0.501 
0.576 0.501 0.576 0.5 0.576 0.499 0.575 0.499 0.574 0.498 0.574 0.497 0.573 
0.497 0.573 0.496 0.571 0.496 0.571 0.495 0.57 0.495 0.569 0.494 0.568 0.494 
0.567 0.492 0.566 0.492 0.564 0.492 0.563 0.492 0.561 0.491 0.56 0.491 0.557 
0.491 0.555 0.49 0.554 0.49 0.553 0.49 0.551 0.49 0.55 0.49 0.548 0.489 0.547 
0.489 0.545 0.489 0.544 0.489 0.543 0.489 0.542 0.489 0.541 0.489 0.54 0.49 
0.538 0.491 0.537 0.491 0.537 0.492 0.536 0.492 0.535 0.494 0.534 0.494 0.532 
0.495 0.531 0.495 0.531 0.496 0.53 0.496 0.53 0.497 0.53 0.498 0.53 0.499 
0.53 0.5 0.531 0.501 0.531 0.502 0.531 0.503 0.532 0.503 0.532 0.504 0.532 
0.505 0.534 0.505 0.534 0.506 0.535 0.506 0.535 0.508 0.536 0.508 0.536 0.509 
0.536 0.51 0.537 0.51 0.537 0.511 0.538 0.511 0.538 0.512 0.539 0.512 0.54 
0.512 0.54 0.513 0.541 0.514 0.541 0.515 0.542 0.515 0.542 0.516 0.543 0.516 
0.543 0.517 0.544 0.517 0.544 0.518 0.544 0.519 0.544 0.521
##$ROI_cpar=( 1 )
<>
##$ROI_dpar_off=( 1 )
0
##$ROI_cpar_off=( 1 )
0
##$ROI_ndx=0
##$ROI_dpar_ndx=( 232 )
0.554 0.524 0.555 0.524 0.556 0.524 0.557 0.524 0.558 0.524 0.56 0.524 0.561 
0.524 0.563 0.524 0.564 0.524 0.565 0.524 0.566 0.524 0.566 0.523 0.567 0.523 
0.568 0.523 0.569 0.523 0.57 0.523 0.571 0.522 0.573 0.522 0.574 0.522 0.574 
0.521 0.575 0.521 0.575 0.519 0.576 0.518 0.576 0.517 0.576 0.516 0.577 0.516 
0.577 0.514 0.578 0.513 0.578 0.512 0.578 0.511 0.578 0.51 0.578 0.509 0.578 
0.508 0.578 0.506 0.578 0.505 0.578 0.504 0.577 0.504 0.577 0.502 0.577 0.501 
0.576 0.501 0.576 0.5 0.576 0.499 0.575 0.499 0.574 0.498 0.574 0.497 0.573 
0.497 0.573 0.496 0.571 0.496 0.571 0.495 0.57 0.495 0.569 0.494 0.568 0.494 
0.567 0.492 0.566 0.492 0.564 0.492 0.563 0.492 0.561 0.491 0.56 0.491 0.557 
0.491 0.555 0.49 0.554 0.49 0.553 0.49 0.551 0.49 0.55 0.49 0.548 0.489 0.547 
0.489 0.545 0.489 0.544 0.489 0.543 0.489 0.542 0.489 0.541 0.489 0.54 0.49 
0.538 0.491 0.537 0.491 0.537 0.492 0.536 0.492 0.535 0.494 0.534 0.494 0.532 
0.495 0.531 0.495 0.531 0.496 0.53 0.496 0.53 0.497 0.53 0.498 0.53 0.499 
0.53 0.5 0.531 0.501 0.531 0.502 0.531 0.503 0.532 0.503 0.532 0.504 0.532 
0.505 0.534 0.505 0.534 0.506 0.535 0.506 0.535 0.508 0.536 0.508 0.536 0.509 
0.536 0.51 0.537 0.51 0.537 0.511 0.538 0.511 0.538 0.512 0.539 0.512 0.54 
0.512 0.54 0.513 0.541 0.514 0.541 0.515 0.542 0.515 0.542 0.516 0.543 0.516 
0.543 0.517 0.544 0.517 0.544 0.518 0.544 0.519 0.544 0.521
##$ROI_cpar_ndx=( 1 )
<>
##$ROI_identifier=( 20 )
<TEMPORARY_ROI>
##$ROI_type=( 20 )
<Grow>
##$ROI_source_image_depth=32
##$ROI_minimal_source_value=50.1988
##$ROI_minimal_display_value=42
##$ROI_maximal_source_value=85.7631
##$ROI_maximal_display_value=71
##$ROI_mean_source_value=64.6617
##$ROI_mean_display_value=53.5789
##$ROI_source_standard_dev=7.47882
##$ROI_display_standard_dev=6.01899
##$ROI_area=0.02565
##$ROI_area_pu=114
##$ROI_integral_source_value=1.65857
##$ROI_integral_display_value=1.3743
##$ROI_integral_source_value_pu=7371.43
##$ROI_integral_display_value_pu=6108
##END=
