##TITLE=Parameter List
##JCAMPDX=4.24
##DATATYPE=Parameter Values
##ORIGIN=Bruker BioSpin MRI GmbH
##OWNER=mri
$$ Tue Feb 27 13:35:59 2018 CET (UT+1h)  mri
$$ /BiospecData/data/mri/nmr/luc180227.M91/4/pdata/1/roi
##$ROI_version=( 20 )
<Version 2.0>
##$ROI_n=1
##$ROI_par=( 1 )
(RoiTrack, <Roi_1>, 394, 0, 0, -1)
##$ROI_dpar=( 394 )
0.646 0.382 0.645 0.382 0.644 0.382 0.643 0.382 0.643 0.381 0.642 0.381 0.641 
0.38 0.64 0.38 0.637 0.379 0.636 0.379 0.634 0.379 0.634 0.378 0.633 0.378 
0.632 0.378 0.631 0.378 0.631 0.377 0.63 0.377 0.629 0.377 0.628 0.377 0.627 
0.377 0.626 0.377 0.624 0.377 0.622 0.377 0.621 0.377 0.62 0.377 0.619 0.377 
0.617 0.377 0.616 0.378 0.615 0.378 0.614 0.378 0.613 0.378 0.611 0.378 0.61 
0.379 0.609 0.379 0.608 0.379 0.607 0.379 0.606 0.38 0.605 0.381 0.604 0.381 
0.604 0.382 0.602 0.383 0.602 0.384 0.601 0.384 0.6 0.386 0.598 0.387 0.597 
0.387 0.597 0.389 0.596 0.39 0.595 0.391 0.594 0.392 0.594 0.393 0.593 0.394 
0.592 0.395 0.592 0.396 0.591 0.396 0.591 0.398 0.59 0.398 0.59 0.399 0.589 
0.4 0.589 0.402 0.588 0.402 0.588 0.403 0.587 0.404 0.587 0.405 0.585 0.406 
0.584 0.408 0.584 0.409 0.58 0.413 0.58 0.415 0.576 0.423 0.576 0.424 0.576 
0.425 0.576 0.426 0.575 0.427 0.575 0.429 0.575 0.43 0.575 0.431 0.575 0.432 
0.575 0.433 0.575 0.435 0.575 0.437 0.575 0.438 0.575 0.44 0.575 0.442 0.575 
0.443 0.575 0.444 0.575 0.445 0.575 0.446 0.575 0.447 0.576 0.449 0.576 0.45 
0.577 0.451 0.578 0.452 0.578 0.453 0.579 0.455 0.58 0.456 0.582 0.456 0.583 
0.457 0.584 0.457 0.587 0.458 0.587 0.459 0.588 0.459 0.588 0.46 0.589 0.46 
0.589 0.461 0.59 0.461 0.59 0.462 0.591 0.462 0.592 0.463 0.594 0.463 0.596 
0.464 0.597 0.464 0.598 0.465 0.6 0.465 0.601 0.465 0.602 0.465 0.603 0.465 
0.603 0.466 0.604 0.466 0.605 0.466 0.607 0.466 0.609 0.466 0.61 0.466 0.611 
0.466 0.613 0.466 0.614 0.466 0.615 0.466 0.616 0.465 0.618 0.465 0.619 0.465 
0.626 0.463 0.627 0.463 0.628 0.463 0.628 0.462 0.63 0.462 0.631 0.462 0.632 
0.461 0.633 0.461 0.634 0.461 0.635 0.46 0.636 0.46 0.637 0.46 0.639 0.46 
0.639 0.459 0.64 0.459 0.64 0.458 0.641 0.458 0.642 0.457 0.643 0.457 0.644 
0.456 0.645 0.456 0.652 0.451 0.653 0.45 0.654 0.449 0.658 0.445 0.659 0.444 
0.66 0.444 0.66 0.443 0.661 0.442 0.662 0.44 0.663 0.439 0.665 0.438 0.666 
0.437 0.666 0.436 0.667 0.435 0.667 0.434 0.668 0.433 0.669 0.432 0.669 0.431 
0.67 0.43 0.67 0.427 0.67 0.426 0.671 0.425 0.671 0.424 0.671 0.423 0.671 
0.422 0.671 0.421 0.671 0.42 0.671 0.419 0.671 0.418 0.671 0.417 0.671 0.416 
0.671 0.415 0.671 0.413 0.67 0.413 0.67 0.412 0.67 0.411 0.67 0.41 0.67 0.409 
0.669 0.408 0.669 0.407 0.669 0.406 0.668 0.406 0.668 0.405 0.667 0.405 0.667 
0.404 0.666 0.403
##$ROI_cpar=( 1 )
<>
##$ROI_dpar_off=( 1 )
0
##$ROI_cpar_off=( 1 )
0
##$ROI_ndx=0
##$ROI_dpar_ndx=( 394 )
0.646 0.382 0.645 0.382 0.644 0.382 0.643 0.382 0.643 0.381 0.642 0.381 0.641 
0.38 0.64 0.38 0.637 0.379 0.636 0.379 0.634 0.379 0.634 0.378 0.633 0.378 
0.632 0.378 0.631 0.378 0.631 0.377 0.63 0.377 0.629 0.377 0.628 0.377 0.627 
0.377 0.626 0.377 0.624 0.377 0.622 0.377 0.621 0.377 0.62 0.377 0.619 0.377 
0.617 0.377 0.616 0.378 0.615 0.378 0.614 0.378 0.613 0.378 0.611 0.378 0.61 
0.379 0.609 0.379 0.608 0.379 0.607 0.379 0.606 0.38 0.605 0.381 0.604 0.381 
0.604 0.382 0.602 0.383 0.602 0.384 0.601 0.384 0.6 0.386 0.598 0.387 0.597 
0.387 0.597 0.389 0.596 0.39 0.595 0.391 0.594 0.392 0.594 0.393 0.593 0.394 
0.592 0.395 0.592 0.396 0.591 0.396 0.591 0.398 0.59 0.398 0.59 0.399 0.589 
0.4 0.589 0.402 0.588 0.402 0.588 0.403 0.587 0.404 0.587 0.405 0.585 0.406 
0.584 0.408 0.584 0.409 0.58 0.413 0.58 0.415 0.576 0.423 0.576 0.424 0.576 
0.425 0.576 0.426 0.575 0.427 0.575 0.429 0.575 0.43 0.575 0.431 0.575 0.432 
0.575 0.433 0.575 0.435 0.575 0.437 0.575 0.438 0.575 0.44 0.575 0.442 0.575 
0.443 0.575 0.444 0.575 0.445 0.575 0.446 0.575 0.447 0.576 0.449 0.576 0.45 
0.577 0.451 0.578 0.452 0.578 0.453 0.579 0.455 0.58 0.456 0.582 0.456 0.583 
0.457 0.584 0.457 0.587 0.458 0.587 0.459 0.588 0.459 0.588 0.46 0.589 0.46 
0.589 0.461 0.59 0.461 0.59 0.462 0.591 0.462 0.592 0.463 0.594 0.463 0.596 
0.464 0.597 0.464 0.598 0.465 0.6 0.465 0.601 0.465 0.602 0.465 0.603 0.465 
0.603 0.466 0.604 0.466 0.605 0.466 0.607 0.466 0.609 0.466 0.61 0.466 0.611 
0.466 0.613 0.466 0.614 0.466 0.615 0.466 0.616 0.465 0.618 0.465 0.619 0.465 
0.626 0.463 0.627 0.463 0.628 0.463 0.628 0.462 0.63 0.462 0.631 0.462 0.632 
0.461 0.633 0.461 0.634 0.461 0.635 0.46 0.636 0.46 0.637 0.46 0.639 0.46 
0.639 0.459 0.64 0.459 0.64 0.458 0.641 0.458 0.642 0.457 0.643 0.457 0.644 
0.456 0.645 0.456 0.652 0.451 0.653 0.45 0.654 0.449 0.658 0.445 0.659 0.444 
0.66 0.444 0.66 0.443 0.661 0.442 0.662 0.44 0.663 0.439 0.665 0.438 0.666 
0.437 0.666 0.436 0.667 0.435 0.667 0.434 0.668 0.433 0.669 0.432 0.669 0.431 
0.67 0.43 0.67 0.427 0.67 0.426 0.671 0.425 0.671 0.424 0.671 0.423 0.671 
0.422 0.671 0.421 0.671 0.42 0.671 0.419 0.671 0.418 0.671 0.417 0.671 0.416 
0.671 0.415 0.671 0.413 0.67 0.413 0.67 0.412 0.67 0.411 0.67 0.41 0.67 0.409 
0.669 0.408 0.669 0.407 0.669 0.406 0.668 0.406 0.668 0.405 0.667 0.405 0.667 
0.404 0.666 0.403
##$ROI_cpar_ndx=( 1 )
<>
##$ROI_identifier=( 20 )
<TEMPORARY_ROI>
##$ROI_type=( 20 )
<Grow>
##$ROI_source_image_depth=32
##$ROI_minimal_source_value=50.1988
##$ROI_minimal_display_value=42
##$ROI_maximal_source_value=85.7631
##$ROI_maximal_display_value=71
##$ROI_mean_source_value=64.6617
##$ROI_mean_display_value=53.5789
##$ROI_source_standard_dev=7.47882
##$ROI_display_standard_dev=6.01899
##$ROI_area=0.02565
##$ROI_area_pu=114
##$ROI_integral_source_value=1.65857
##$ROI_integral_display_value=1.3743
##$ROI_integral_source_value_pu=7371.43
##$ROI_integral_display_value_pu=6108
##END=
