##TITLE=Parameter List
##JCAMPDX=4.24
##DATATYPE=Parameter Values
##ORIGIN=Bruker BioSpin MRI GmbH
##OWNER=mri
$$ Tue May 22 15:56:05 2018 CEST (UT+2h)  mri
$$ /BiospecData/data/mri/nmr/lsp180522.Nv1/5/pdata/1/roi
##$ROI_version=( 20 )
<Version 2.0>
##$ROI_n=1
##$ROI_par=( 1 )
(RoiTrack, <Roi_1>, 276, 0, 0, -1)
##$ROI_dpar=( 276 )
0.585 0.457 0.585 0.456 0.585 0.455 0.584 0.455 0.584 0.453 0.584 0.452 0.584 
0.451 0.584 0.45 0.584 0.449 0.584 0.448 0.584 0.447 0.583 0.447 0.583 0.446 
0.582 0.446 0.582 0.445 0.581 0.445 0.58 0.445 0.58 0.444 0.579 0.444 0.578 
0.444 0.577 0.443 0.576 0.443 0.575 0.442 0.574 0.442 0.573 0.442 0.573 0.44 
0.571 0.44 0.57 0.44 0.569 0.44 0.568 0.44 0.567 0.44 0.566 0.44 0.566 0.442 
0.565 0.442 0.565 0.443 0.565 0.444 0.564 0.444 0.564 0.445 0.564 0.446 0.563 
0.447 0.563 0.448 0.563 0.449 0.562 0.449 0.562 0.45 0.562 0.451 0.561 0.451 
0.561 0.452 0.56 0.453 0.56 0.455 0.558 0.455 0.558 0.456 0.556 0.457 0.555 
0.458 0.554 0.459 0.553 0.46 0.552 0.46 0.552 0.461 0.551 0.461 0.551 0.462 
0.55 0.462 0.549 0.462 0.549 0.463 0.549 0.464 0.549 0.465 0.548 0.465 0.548 
0.466 0.547 0.468 0.547 0.469 0.545 0.47 0.544 0.471 0.544 0.472 0.543 0.473 
0.543 0.474 0.542 0.474 0.542 0.475 0.541 0.476 0.541 0.477 0.54 0.477 0.54 
0.478 0.539 0.479 0.539 0.481 0.539 0.482 0.539 0.483 0.539 0.484 0.54 0.484 
0.54 0.485 0.54 0.486 0.541 0.487 0.541 0.488 0.542 0.489 0.542 0.49 0.543 
0.491 0.543 0.492 0.544 0.492 0.544 0.494 0.545 0.494 0.545 0.495 0.547 0.495 
0.548 0.495 0.549 0.495 0.55 0.495 0.551 0.495 0.552 0.496 0.553 0.496 0.554 
0.496 0.555 0.496 0.556 0.496 0.557 0.497 0.558 0.497 0.56 0.497 0.561 0.497 
0.562 0.497 0.563 0.497 0.564 0.497 0.565 0.497 0.566 0.497 0.567 0.497 0.568 
0.497 0.569 0.497 0.57 0.497 0.57 0.496 0.571 0.496 0.573 0.495 0.574 0.494 
0.575 0.492 0.576 0.491 0.576 0.49 0.577 0.49 0.577 0.489 0.578 0.488 0.579 
0.487 0.579 0.486 0.58 0.486 0.58 0.485 0.581 0.484 0.581 0.483 0.582 0.483 
0.582 0.482
##$ROI_cpar=( 1 )
<>
##$ROI_dpar_off=( 1 )
0
##$ROI_cpar_off=( 1 )
0
##$ROI_ndx=0
##$ROI_dpar_ndx=( 276 )
0.585 0.457 0.585 0.456 0.585 0.455 0.584 0.455 0.584 0.453 0.584 0.452 0.584 
0.451 0.584 0.45 0.584 0.449 0.584 0.448 0.584 0.447 0.583 0.447 0.583 0.446 
0.582 0.446 0.582 0.445 0.581 0.445 0.58 0.445 0.58 0.444 0.579 0.444 0.578 
0.444 0.577 0.443 0.576 0.443 0.575 0.442 0.574 0.442 0.573 0.442 0.573 0.44 
0.571 0.44 0.57 0.44 0.569 0.44 0.568 0.44 0.567 0.44 0.566 0.44 0.566 0.442 
0.565 0.442 0.565 0.443 0.565 0.444 0.564 0.444 0.564 0.445 0.564 0.446 0.563 
0.447 0.563 0.448 0.563 0.449 0.562 0.449 0.562 0.45 0.562 0.451 0.561 0.451 
0.561 0.452 0.56 0.453 0.56 0.455 0.558 0.455 0.558 0.456 0.556 0.457 0.555 
0.458 0.554 0.459 0.553 0.46 0.552 0.46 0.552 0.461 0.551 0.461 0.551 0.462 
0.55 0.462 0.549 0.462 0.549 0.463 0.549 0.464 0.549 0.465 0.548 0.465 0.548 
0.466 0.547 0.468 0.547 0.469 0.545 0.47 0.544 0.471 0.544 0.472 0.543 0.473 
0.543 0.474 0.542 0.474 0.542 0.475 0.541 0.476 0.541 0.477 0.54 0.477 0.54 
0.478 0.539 0.479 0.539 0.481 0.539 0.482 0.539 0.483 0.539 0.484 0.54 0.484 
0.54 0.485 0.54 0.486 0.541 0.487 0.541 0.488 0.542 0.489 0.542 0.49 0.543 
0.491 0.543 0.492 0.544 0.492 0.544 0.494 0.545 0.494 0.545 0.495 0.547 0.495 
0.548 0.495 0.549 0.495 0.55 0.495 0.551 0.495 0.552 0.496 0.553 0.496 0.554 
0.496 0.555 0.496 0.556 0.496 0.557 0.497 0.558 0.497 0.56 0.497 0.561 0.497 
0.562 0.497 0.563 0.497 0.564 0.497 0.565 0.497 0.566 0.497 0.567 0.497 0.568 
0.497 0.569 0.497 0.57 0.497 0.57 0.496 0.571 0.496 0.573 0.495 0.574 0.494 
0.575 0.492 0.576 0.491 0.576 0.49 0.577 0.49 0.577 0.489 0.578 0.488 0.579 
0.487 0.579 0.486 0.58 0.486 0.58 0.485 0.581 0.484 0.581 0.483 0.582 0.483 
0.582 0.482
##$ROI_cpar_ndx=( 1 )
<>
##$ROI_identifier=( 20 )
<TEMPORARY_ROI>
##$ROI_type=( 20 )
<Grow>
##$ROI_source_image_depth=32
##$ROI_minimal_source_value=50.1988
##$ROI_minimal_display_value=42
##$ROI_maximal_source_value=85.7631
##$ROI_maximal_display_value=71
##$ROI_mean_source_value=64.6617
##$ROI_mean_display_value=53.5789
##$ROI_source_standard_dev=7.47882
##$ROI_display_standard_dev=6.01899
##$ROI_area=0.02565
##$ROI_area_pu=114
##$ROI_integral_source_value=1.65857
##$ROI_integral_display_value=1.3743
##$ROI_integral_source_value_pu=7371.43
##$ROI_integral_display_value_pu=6108
##END=
