##TITLE=Parameter List
##JCAMPDX=4.24
##DATATYPE=Parameter Values
##ORIGIN=Bruker BioSpin MRI GmbH
##OWNER=mri
$$ Fri Apr 13 14:53:03 2018 CEST (UT+2h)  mri
$$ /BiospecData/data/mri/nmr/lsp180413.MS2/4/pdata/1/roi
##$ROI_version=( 20 )
<Version 2.0>
##$ROI_n=1
##$ROI_par=( 1 )
(RoiTrack, <Roi_1>, 326, 0, 0, -1)
##$ROI_dpar=( 326 )
0.636 0.4 0.635 0.4 0.633 0.4 0.632 0.399 0.631 0.399 0.63 0.399 0.629 0.399 
0.628 0.399 0.619 0.402 0.618 0.402 0.617 0.403 0.615 0.404 0.614 0.404 0.613 
0.404 0.611 0.405 0.61 0.405 0.61 0.406 0.61 0.407 0.61 0.408 0.61 0.409 0.61 
0.41 0.61 0.411 0.61 0.412 0.61 0.413 0.61 0.415 0.61 0.416 0.61 0.417 0.61 
0.418 0.61 0.419 0.61 0.42 0.61 0.421 0.61 0.422 0.611 0.422 0.611 0.423 
0.611 0.424 0.613 0.424 0.613 0.425 0.614 0.426 0.614 0.427 0.615 0.427 0.615 
0.429 0.616 0.429 0.616 0.43 0.617 0.43 0.617 0.431 0.617 0.432 0.618 0.432 
0.618 0.433 0.619 0.434 0.62 0.434 0.621 0.435 0.621 0.436 0.622 0.437 0.623 
0.438 0.624 0.439 0.624 0.44 0.624 0.442 0.626 0.443 0.627 0.443 0.627 0.444 
0.628 0.444 0.628 0.445 0.628 0.446 0.628 0.447 0.628 0.448 0.629 0.448 0.629 
0.449 0.63 0.449 0.63 0.45 0.631 0.45 0.632 0.451 0.633 0.451 0.634 0.452 
0.635 0.452 0.636 0.453 0.637 0.455 0.639 0.455 0.64 0.455 0.641 0.456 0.642 
0.456 0.643 0.456 0.644 0.457 0.645 0.457 0.646 0.457 0.647 0.457 0.647 0.458 
0.648 0.458 0.649 0.458 0.65 0.458 0.652 0.459 0.653 0.459 0.654 0.459 0.655 
0.459 0.656 0.459 0.657 0.459 0.658 0.459 0.659 0.459 0.66 0.459 0.661 0.459 
0.662 0.459 0.663 0.459 0.665 0.458 0.667 0.458 0.668 0.457 0.669 0.457 0.67 
0.456 0.671 0.456 0.671 0.455 0.671 0.453 0.671 0.452 0.671 0.451 0.671 0.45 
0.671 0.449 0.671 0.448 0.671 0.447 0.671 0.445 0.671 0.444 0.671 0.443 0.671 
0.442 0.671 0.44 0.671 0.439 0.671 0.438 0.671 0.437 0.671 0.436 0.671 0.435 
0.671 0.434 0.671 0.433 0.671 0.432 0.671 0.431 0.67 0.43 0.67 0.429 0.67 
0.427 0.67 0.426 0.669 0.425 0.669 0.424 0.669 0.423 0.668 0.423 0.668 0.422 
0.667 0.421 0.667 0.42 0.666 0.419 0.666 0.418 0.665 0.417 0.663 0.417 0.663 
0.416 0.662 0.416 0.662 0.415 0.661 0.413 0.661 0.412 0.66 0.412 0.659 0.412 
0.659 0.411 0.658 0.411 0.657 0.411 0.656 0.41 0.655 0.41 0.654 0.409 0.653 
0.409 0.652 0.409 0.65 0.409 0.649 0.408 0.648 0.408 0.647 0.408
##$ROI_cpar=( 1 )
<>
##$ROI_dpar_off=( 1 )
0
##$ROI_cpar_off=( 1 )
0
##$ROI_ndx=0
##$ROI_dpar_ndx=( 326 )
0.636 0.4 0.635 0.4 0.633 0.4 0.632 0.399 0.631 0.399 0.63 0.399 0.629 0.399 
0.628 0.399 0.619 0.402 0.618 0.402 0.617 0.403 0.615 0.404 0.614 0.404 0.613 
0.404 0.611 0.405 0.61 0.405 0.61 0.406 0.61 0.407 0.61 0.408 0.61 0.409 0.61 
0.41 0.61 0.411 0.61 0.412 0.61 0.413 0.61 0.415 0.61 0.416 0.61 0.417 0.61 
0.418 0.61 0.419 0.61 0.42 0.61 0.421 0.61 0.422 0.611 0.422 0.611 0.423 
0.611 0.424 0.613 0.424 0.613 0.425 0.614 0.426 0.614 0.427 0.615 0.427 0.615 
0.429 0.616 0.429 0.616 0.43 0.617 0.43 0.617 0.431 0.617 0.432 0.618 0.432 
0.618 0.433 0.619 0.434 0.62 0.434 0.621 0.435 0.621 0.436 0.622 0.437 0.623 
0.438 0.624 0.439 0.624 0.44 0.624 0.442 0.626 0.443 0.627 0.443 0.627 0.444 
0.628 0.444 0.628 0.445 0.628 0.446 0.628 0.447 0.628 0.448 0.629 0.448 0.629 
0.449 0.63 0.449 0.63 0.45 0.631 0.45 0.632 0.451 0.633 0.451 0.634 0.452 
0.635 0.452 0.636 0.453 0.637 0.455 0.639 0.455 0.64 0.455 0.641 0.456 0.642 
0.456 0.643 0.456 0.644 0.457 0.645 0.457 0.646 0.457 0.647 0.457 0.647 0.458 
0.648 0.458 0.649 0.458 0.65 0.458 0.652 0.459 0.653 0.459 0.654 0.459 0.655 
0.459 0.656 0.459 0.657 0.459 0.658 0.459 0.659 0.459 0.66 0.459 0.661 0.459 
0.662 0.459 0.663 0.459 0.665 0.458 0.667 0.458 0.668 0.457 0.669 0.457 0.67 
0.456 0.671 0.456 0.671 0.455 0.671 0.453 0.671 0.452 0.671 0.451 0.671 0.45 
0.671 0.449 0.671 0.448 0.671 0.447 0.671 0.445 0.671 0.444 0.671 0.443 0.671 
0.442 0.671 0.44 0.671 0.439 0.671 0.438 0.671 0.437 0.671 0.436 0.671 0.435 
0.671 0.434 0.671 0.433 0.671 0.432 0.671 0.431 0.67 0.43 0.67 0.429 0.67 
0.427 0.67 0.426 0.669 0.425 0.669 0.424 0.669 0.423 0.668 0.423 0.668 0.422 
0.667 0.421 0.667 0.42 0.666 0.419 0.666 0.418 0.665 0.417 0.663 0.417 0.663 
0.416 0.662 0.416 0.662 0.415 0.661 0.413 0.661 0.412 0.66 0.412 0.659 0.412 
0.659 0.411 0.658 0.411 0.657 0.411 0.656 0.41 0.655 0.41 0.654 0.409 0.653 
0.409 0.652 0.409 0.65 0.409 0.649 0.408 0.648 0.408 0.647 0.408
##$ROI_cpar_ndx=( 1 )
<>
##$ROI_identifier=( 20 )
<TEMPORARY_ROI>
##$ROI_type=( 20 )
<Grow>
##$ROI_source_image_depth=32
##$ROI_minimal_source_value=50.1988
##$ROI_minimal_display_value=42
##$ROI_maximal_source_value=85.7631
##$ROI_maximal_display_value=71
##$ROI_mean_source_value=64.6617
##$ROI_mean_display_value=53.5789
##$ROI_source_standard_dev=7.47882
##$ROI_display_standard_dev=6.01899
##$ROI_area=0.02565
##$ROI_area_pu=114
##$ROI_integral_source_value=1.65857
##$ROI_integral_display_value=1.3743
##$ROI_integral_source_value_pu=7371.43
##$ROI_integral_display_value_pu=6108
##END=
