##TITLE=Parameter List
##JCAMPDX=4.24
##DATATYPE=Parameter Values
##ORIGIN=Bruker BioSpin MRI GmbH
##OWNER=mri
$$ Sat Mar  3 14:40:41 2018 CET (UT+1h)  mri
$$ /BiospecData/data/mri/nmr/luc180303.Md1/4/pdata/1/roi
##$ROI_version=( 20 )
<Version 2.0>
##$ROI_n=1
##$ROI_par=( 1 )
(RoiTrack, <Roi_1>, 982, 0, 0, -1)
##$ROI_dpar=( 982 )
0.616 0.377 0.615 0.377 0.611 0.377 0.61 0.377 0.608 0.377 0.605 0.377 0.604 
0.377 0.603 0.377 0.601 0.377 0.598 0.376 0.595 0.376 0.594 0.376 0.593 0.376 
0.592 0.376 0.591 0.376 0.589 0.376 0.588 0.376 0.587 0.376 0.585 0.376 0.582 
0.376 0.58 0.376 0.579 0.376 0.577 0.376 0.576 0.376 0.575 0.376 0.573 0.376 
0.571 0.376 0.57 0.376 0.568 0.376 0.566 0.376 0.565 0.376 0.564 0.376 0.563 
0.376 0.562 0.376 0.561 0.376 0.56 0.376 0.558 0.376 0.557 0.376 0.555 0.377 
0.554 0.377 0.553 0.377 0.552 0.378 0.551 0.378 0.55 0.378 0.549 0.379 0.548 
0.379 0.547 0.379 0.544 0.38 0.543 0.381 0.542 0.382 0.541 0.382 0.54 0.383 
0.539 0.383 0.538 0.384 0.537 0.385 0.536 0.385 0.535 0.386 0.534 0.387 0.532 
0.387 0.531 0.39 0.53 0.391 0.529 0.391 0.529 0.392 0.528 0.392 0.527 0.394 
0.526 0.394 0.525 0.395 0.524 0.397 0.522 0.398 0.522 0.399 0.521 0.399 0.519 
0.4 0.519 0.402 0.518 0.403 0.517 0.404 0.517 0.405 0.516 0.406 0.515 0.407 
0.515 0.408 0.514 0.408 0.513 0.41 0.513 0.411 0.512 0.412 0.511 0.415 0.511 
0.416 0.51 0.417 0.509 0.419 0.509 0.42 0.508 0.421 0.506 0.423 0.506 0.424 
0.505 0.425 0.505 0.426 0.504 0.427 0.504 0.429 0.503 0.43 0.503 0.432 0.503 
0.433 0.502 0.434 0.502 0.435 0.502 0.436 0.501 0.437 0.501 0.438 0.5 0.44 
0.5 0.442 0.5 0.443 0.5 0.444 0.5 0.445 0.5 0.446 0.5 0.447 0.5 0.448 0.499 
0.449 0.499 0.45 0.499 0.451 0.499 0.452 0.499 0.453 0.499 0.455 0.499 0.456 
0.499 0.457 0.498 0.457 0.498 0.458 0.498 0.46 0.498 0.461 0.498 0.462 0.498 
0.465 0.498 0.468 0.498 0.469 0.498 0.471 0.498 0.472 0.498 0.473 0.498 0.474 
0.498 0.475 0.498 0.476 0.498 0.477 0.498 0.478 0.498 0.479 0.498 0.482 0.498 
0.483 0.498 0.484 0.498 0.485 0.498 0.486 0.498 0.487 0.498 0.488 0.498 0.489 
0.498 0.49 0.498 0.491 0.498 0.492 0.498 0.494 0.498 0.495 0.498 0.496 0.498 
0.497 0.498 0.498 0.498 0.5 0.498 0.501 0.498 0.502 0.498 0.503 0.498 0.504 
0.498 0.505 0.498 0.506 0.498 0.508 0.498 0.509 0.498 0.51 0.498 0.511 0.498 
0.512 0.499 0.513 0.499 0.514 0.499 0.515 0.5 0.516 0.5 0.517 0.5 0.518 0.5 
0.521 0.501 0.523 0.501 0.524 0.501 0.525 0.502 0.526 0.502 0.527 0.502 0.529 
0.503 0.529 0.503 0.53 0.504 0.532 0.504 0.534 0.504 0.535 0.505 0.535 0.505 
0.536 0.505 0.537 0.506 0.537 0.506 0.538 0.506 0.539 0.508 0.539 0.508 0.54 
0.509 0.541 0.51 0.542 0.511 0.543 0.511 0.544 0.512 0.545 0.513 0.547 0.514 
0.548 0.514 0.549 0.515 0.549 0.516 0.55 0.516 0.551 0.517 0.552 0.518 0.553 
0.519 0.554 0.521 0.555 0.522 0.556 0.523 0.557 0.524 0.558 0.525 0.56 0.526 
0.561 0.527 0.562 0.528 0.563 0.529 0.564 0.529 0.565 0.53 0.565 0.53 0.566 
0.531 0.567 0.532 0.567 0.534 0.568 0.534 0.569 0.535 0.569 0.536 0.569 0.536 
0.57 0.537 0.57 0.538 0.571 0.539 0.571 0.539 0.573 0.54 0.573 0.541 0.573 
0.542 0.573 0.543 0.573 0.544 0.573 0.545 0.573 0.547 0.573 0.548 0.573 0.549 
0.573 0.55 0.573 0.551 0.573 0.553 0.573 0.554 0.573 0.555 0.573 0.558 0.573 
0.56 0.573 0.561 0.574 0.563 0.574 0.564 0.574 0.565 0.574 0.567 0.574 0.568 
0.574 0.569 0.574 0.57 0.574 0.571 0.574 0.573 0.574 0.574 0.574 0.575 0.574 
0.576 0.574 0.577 0.574 0.578 0.574 0.579 0.574 0.58 0.574 0.581 0.574 0.582 
0.574 0.583 0.574 0.584 0.574 0.585 0.574 0.587 0.574 0.588 0.574 0.589 0.574 
0.59 0.574 0.591 0.574 0.592 0.574 0.593 0.574 0.594 0.574 0.595 0.574 0.597 
0.574 0.598 0.574 0.6 0.574 0.601 0.574 0.602 0.574 0.603 0.574 0.604 0.574 
0.605 0.573 0.606 0.573 0.607 0.573 0.607 0.571 0.608 0.571 0.609 0.571 0.61 
0.571 0.611 0.57 0.613 0.57 0.614 0.569 0.615 0.569 0.616 0.569 0.617 0.568 
0.618 0.568 0.619 0.568 0.62 0.568 0.621 0.567 0.622 0.567 0.623 0.567 0.624 
0.566 0.626 0.566 0.627 0.566 0.628 0.566 0.628 0.565 0.629 0.565 0.63 0.564 
0.631 0.563 0.632 0.562 0.633 0.562 0.633 0.561 0.634 0.561 0.634 0.56 0.635 
0.56 0.635 0.558 0.636 0.557 0.636 0.556 0.637 0.556 0.637 0.555 0.639 0.553 
0.64 0.551 0.641 0.55 0.642 0.549 0.642 0.548 0.642 0.547 0.643 0.547 0.643 
0.544 0.644 0.543 0.644 0.542 0.644 0.541 0.645 0.54 0.645 0.539 0.646 0.538 
0.646 0.537 0.647 0.536 0.647 0.535 0.647 0.534 0.648 0.532 0.648 0.531 0.648 
0.53 0.649 0.529 0.649 0.528 0.649 0.527 0.649 0.526 0.649 0.525 0.65 0.525 
0.65 0.524 0.65 0.523 0.65 0.521 0.65 0.519 0.65 0.518 0.65 0.517 0.652 0.516 
0.652 0.515 0.652 0.514 0.652 0.513 0.652 0.512 0.652 0.511 0.652 0.51 0.653 
0.509 0.653 0.508 0.653 0.506 0.653 0.505 0.654 0.504 0.654 0.503 0.654 0.502 
0.654 0.501 0.654 0.5 0.654 0.499 0.654 0.498 0.655 0.497 0.655 0.496 0.655 
0.494 0.655 0.492 0.655 0.491 0.655 0.49 0.655 0.489 0.656 0.489 0.656 0.488 
0.656 0.487 0.656 0.486 0.656 0.485 0.656 0.484 0.656 0.483 0.656 0.482 0.656 
0.481 0.656 0.479 0.656 0.478 0.656 0.477 0.656 0.475 0.656 0.474 0.656 0.473 
0.656 0.472 0.657 0.472 0.657 0.471 0.657 0.47 0.657 0.469 0.657 0.468 0.657 
0.466 0.657 0.465 0.657 0.464 0.657 0.463 0.657 0.462 0.657 0.461 0.657 0.459 
0.657 0.458 0.657 0.457 0.657 0.456 0.657 0.453 0.658 0.453 0.658 0.451 0.658 
0.45 0.658 0.449 0.659 0.448 0.659 0.447 0.659 0.446 0.66 0.445 0.66 0.444 
0.66 0.443 0.66 0.442 0.66 0.44 0.66 0.439 0.66 0.438 0.66 0.437 0.66 0.436 
0.66 0.435 0.66 0.434 0.66 0.433 0.66 0.432 0.66 0.431 0.66 0.43 0.66 0.429 
0.66 0.427 0.659 0.426 0.659 0.425 0.659 0.424 0.659 0.423 0.659 0.422 0.659 
0.421 0.659 0.42 0.659 0.419 0.659 0.418 0.658 0.418 0.658 0.417 0.658 0.416 
0.658 0.415 0.658 0.413 0.657 0.412 0.657 0.411 0.657 0.41 0.656 0.408 0.656 
0.407 0.655 0.407 0.655 0.406 0.655 0.405 0.655 0.404 0.655 0.403 0.654 0.402 
0.654 0.4 0.653 0.399 0.653 0.398 0.653 0.397 0.652 0.396 0.652 0.395 0.65 
0.394 0.65 0.393 0.649 0.393 0.648 0.392 0.648 0.391 0.647 0.39 0.643 0.385 
0.642 0.385 0.641 0.383 0.64 0.383 0.639 0.382 0.637 0.382 0.636 0.381 0.636 
0.38 0.635 0.38 0.634 0.379 0.633 0.379 0.632 0.378 0.631 0.378 0.63 0.377 
0.629 0.377 0.628 0.377 0.627 0.377 0.626 0.377 0.626 0.376 0.624 0.376 0.623 
0.376
##$ROI_cpar=( 1 )
<>
##$ROI_dpar_off=( 1 )
0
##$ROI_cpar_off=( 1 )
0
##$ROI_ndx=0
##$ROI_dpar_ndx=( 982 )
0.616 0.377 0.615 0.377 0.611 0.377 0.61 0.377 0.608 0.377 0.605 0.377 0.604 
0.377 0.603 0.377 0.601 0.377 0.598 0.376 0.595 0.376 0.594 0.376 0.593 0.376 
0.592 0.376 0.591 0.376 0.589 0.376 0.588 0.376 0.587 0.376 0.585 0.376 0.582 
0.376 0.58 0.376 0.579 0.376 0.577 0.376 0.576 0.376 0.575 0.376 0.573 0.376 
0.571 0.376 0.57 0.376 0.568 0.376 0.566 0.376 0.565 0.376 0.564 0.376 0.563 
0.376 0.562 0.376 0.561 0.376 0.56 0.376 0.558 0.376 0.557 0.376 0.555 0.377 
0.554 0.377 0.553 0.377 0.552 0.378 0.551 0.378 0.55 0.378 0.549 0.379 0.548 
0.379 0.547 0.379 0.544 0.38 0.543 0.381 0.542 0.382 0.541 0.382 0.54 0.383 
0.539 0.383 0.538 0.384 0.537 0.385 0.536 0.385 0.535 0.386 0.534 0.387 0.532 
0.387 0.531 0.39 0.53 0.391 0.529 0.391 0.529 0.392 0.528 0.392 0.527 0.394 
0.526 0.394 0.525 0.395 0.524 0.397 0.522 0.398 0.522 0.399 0.521 0.399 0.519 
0.4 0.519 0.402 0.518 0.403 0.517 0.404 0.517 0.405 0.516 0.406 0.515 0.407 
0.515 0.408 0.514 0.408 0.513 0.41 0.513 0.411 0.512 0.412 0.511 0.415 0.511 
0.416 0.51 0.417 0.509 0.419 0.509 0.42 0.508 0.421 0.506 0.423 0.506 0.424 
0.505 0.425 0.505 0.426 0.504 0.427 0.504 0.429 0.503 0.43 0.503 0.432 0.503 
0.433 0.502 0.434 0.502 0.435 0.502 0.436 0.501 0.437 0.501 0.438 0.5 0.44 
0.5 0.442 0.5 0.443 0.5 0.444 0.5 0.445 0.5 0.446 0.5 0.447 0.5 0.448 0.499 
0.449 0.499 0.45 0.499 0.451 0.499 0.452 0.499 0.453 0.499 0.455 0.499 0.456 
0.499 0.457 0.498 0.457 0.498 0.458 0.498 0.46 0.498 0.461 0.498 0.462 0.498 
0.465 0.498 0.468 0.498 0.469 0.498 0.471 0.498 0.472 0.498 0.473 0.498 0.474 
0.498 0.475 0.498 0.476 0.498 0.477 0.498 0.478 0.498 0.479 0.498 0.482 0.498 
0.483 0.498 0.484 0.498 0.485 0.498 0.486 0.498 0.487 0.498 0.488 0.498 0.489 
0.498 0.49 0.498 0.491 0.498 0.492 0.498 0.494 0.498 0.495 0.498 0.496 0.498 
0.497 0.498 0.498 0.498 0.5 0.498 0.501 0.498 0.502 0.498 0.503 0.498 0.504 
0.498 0.505 0.498 0.506 0.498 0.508 0.498 0.509 0.498 0.51 0.498 0.511 0.498 
0.512 0.499 0.513 0.499 0.514 0.499 0.515 0.5 0.516 0.5 0.517 0.5 0.518 0.5 
0.521 0.501 0.523 0.501 0.524 0.501 0.525 0.502 0.526 0.502 0.527 0.502 0.529 
0.503 0.529 0.503 0.53 0.504 0.532 0.504 0.534 0.504 0.535 0.505 0.535 0.505 
0.536 0.505 0.537 0.506 0.537 0.506 0.538 0.506 0.539 0.508 0.539 0.508 0.54 
0.509 0.541 0.51 0.542 0.511 0.543 0.511 0.544 0.512 0.545 0.513 0.547 0.514 
0.548 0.514 0.549 0.515 0.549 0.516 0.55 0.516 0.551 0.517 0.552 0.518 0.553 
0.519 0.554 0.521 0.555 0.522 0.556 0.523 0.557 0.524 0.558 0.525 0.56 0.526 
0.561 0.527 0.562 0.528 0.563 0.529 0.564 0.529 0.565 0.53 0.565 0.53 0.566 
0.531 0.567 0.532 0.567 0.534 0.568 0.534 0.569 0.535 0.569 0.536 0.569 0.536 
0.57 0.537 0.57 0.538 0.571 0.539 0.571 0.539 0.573 0.54 0.573 0.541 0.573 
0.542 0.573 0.543 0.573 0.544 0.573 0.545 0.573 0.547 0.573 0.548 0.573 0.549 
0.573 0.55 0.573 0.551 0.573 0.553 0.573 0.554 0.573 0.555 0.573 0.558 0.573 
0.56 0.573 0.561 0.574 0.563 0.574 0.564 0.574 0.565 0.574 0.567 0.574 0.568 
0.574 0.569 0.574 0.57 0.574 0.571 0.574 0.573 0.574 0.574 0.574 0.575 0.574 
0.576 0.574 0.577 0.574 0.578 0.574 0.579 0.574 0.58 0.574 0.581 0.574 0.582 
0.574 0.583 0.574 0.584 0.574 0.585 0.574 0.587 0.574 0.588 0.574 0.589 0.574 
0.59 0.574 0.591 0.574 0.592 0.574 0.593 0.574 0.594 0.574 0.595 0.574 0.597 
0.574 0.598 0.574 0.6 0.574 0.601 0.574 0.602 0.574 0.603 0.574 0.604 0.574 
0.605 0.573 0.606 0.573 0.607 0.573 0.607 0.571 0.608 0.571 0.609 0.571 0.61 
0.571 0.611 0.57 0.613 0.57 0.614 0.569 0.615 0.569 0.616 0.569 0.617 0.568 
0.618 0.568 0.619 0.568 0.62 0.568 0.621 0.567 0.622 0.567 0.623 0.567 0.624 
0.566 0.626 0.566 0.627 0.566 0.628 0.566 0.628 0.565 0.629 0.565 0.63 0.564 
0.631 0.563 0.632 0.562 0.633 0.562 0.633 0.561 0.634 0.561 0.634 0.56 0.635 
0.56 0.635 0.558 0.636 0.557 0.636 0.556 0.637 0.556 0.637 0.555 0.639 0.553 
0.64 0.551 0.641 0.55 0.642 0.549 0.642 0.548 0.642 0.547 0.643 0.547 0.643 
0.544 0.644 0.543 0.644 0.542 0.644 0.541 0.645 0.54 0.645 0.539 0.646 0.538 
0.646 0.537 0.647 0.536 0.647 0.535 0.647 0.534 0.648 0.532 0.648 0.531 0.648 
0.53 0.649 0.529 0.649 0.528 0.649 0.527 0.649 0.526 0.649 0.525 0.65 0.525 
0.65 0.524 0.65 0.523 0.65 0.521 0.65 0.519 0.65 0.518 0.65 0.517 0.652 0.516 
0.652 0.515 0.652 0.514 0.652 0.513 0.652 0.512 0.652 0.511 0.652 0.51 0.653 
0.509 0.653 0.508 0.653 0.506 0.653 0.505 0.654 0.504 0.654 0.503 0.654 0.502 
0.654 0.501 0.654 0.5 0.654 0.499 0.654 0.498 0.655 0.497 0.655 0.496 0.655 
0.494 0.655 0.492 0.655 0.491 0.655 0.49 0.655 0.489 0.656 0.489 0.656 0.488 
0.656 0.487 0.656 0.486 0.656 0.485 0.656 0.484 0.656 0.483 0.656 0.482 0.656 
0.481 0.656 0.479 0.656 0.478 0.656 0.477 0.656 0.475 0.656 0.474 0.656 0.473 
0.656 0.472 0.657 0.472 0.657 0.471 0.657 0.47 0.657 0.469 0.657 0.468 0.657 
0.466 0.657 0.465 0.657 0.464 0.657 0.463 0.657 0.462 0.657 0.461 0.657 0.459 
0.657 0.458 0.657 0.457 0.657 0.456 0.657 0.453 0.658 0.453 0.658 0.451 0.658 
0.45 0.658 0.449 0.659 0.448 0.659 0.447 0.659 0.446 0.66 0.445 0.66 0.444 
0.66 0.443 0.66 0.442 0.66 0.44 0.66 0.439 0.66 0.438 0.66 0.437 0.66 0.436 
0.66 0.435 0.66 0.434 0.66 0.433 0.66 0.432 0.66 0.431 0.66 0.43 0.66 0.429 
0.66 0.427 0.659 0.426 0.659 0.425 0.659 0.424 0.659 0.423 0.659 0.422 0.659 
0.421 0.659 0.42 0.659 0.419 0.659 0.418 0.658 0.418 0.658 0.417 0.658 0.416 
0.658 0.415 0.658 0.413 0.657 0.412 0.657 0.411 0.657 0.41 0.656 0.408 0.656 
0.407 0.655 0.407 0.655 0.406 0.655 0.405 0.655 0.404 0.655 0.403 0.654 0.402 
0.654 0.4 0.653 0.399 0.653 0.398 0.653 0.397 0.652 0.396 0.652 0.395 0.65 
0.394 0.65 0.393 0.649 0.393 0.648 0.392 0.648 0.391 0.647 0.39 0.643 0.385 
0.642 0.385 0.641 0.383 0.64 0.383 0.639 0.382 0.637 0.382 0.636 0.381 0.636 
0.38 0.635 0.38 0.634 0.379 0.633 0.379 0.632 0.378 0.631 0.378 0.63 0.377 
0.629 0.377 0.628 0.377 0.627 0.377 0.626 0.377 0.626 0.376 0.624 0.376 0.623 
0.376
##$ROI_cpar_ndx=( 1 )
<>
##$ROI_identifier=( 20 )
<TEMPORARY_ROI>
##$ROI_type=( 20 )
<Grow>
##$ROI_source_image_depth=32
##$ROI_minimal_source_value=50.1988
##$ROI_minimal_display_value=42
##$ROI_maximal_source_value=85.7631
##$ROI_maximal_display_value=71
##$ROI_mean_source_value=64.6617
##$ROI_mean_display_value=53.5789
##$ROI_source_standard_dev=7.47882
##$ROI_display_standard_dev=6.01899
##$ROI_area=0.02565
##$ROI_area_pu=114
##$ROI_integral_source_value=1.65857
##$ROI_integral_display_value=1.3743
##$ROI_integral_source_value_pu=7371.43
##$ROI_integral_display_value_pu=6108
##END=
